16.1
17.2
18
18.5
21.6
16.9
7.3
10.1
12.8
18.1
19.5
21.3
12.4
16.3
9.1
17
14
18
12.3
17.6
19.8
8.9
10.6
10.9
15
15
12.7
15.1
18.5
18.2
15.6
12.9
13.6
15.7
13.2
8.9
10
11.1
14.3
20.7
16.1
13.2
14.1
15.1
13.8
11.8
11.1
11.4
13.9
15.2
15.3
15.3
12.3
15.7
18.6
19.7
16.3
17.6
13.8
13.6
14.9
14.4
20.5
23.7
16.2
17.4
6.5
10.1
9.4
12.3
8.6
12.9
15.9
18.2
17.6
19.3
19.6
13.8
12.1
14.7
16.2
18.2
19.7
20.6
21.6
21.8
21.3
22.6
22.9
18.7
19.3
20.2
22
19.2
16.9
18.9
24.3
24.2
19.1
20.9
19.1
20.6
21.4
22.3
23.2
24.4
15.3
14.2
19.3
19.4
18.4
19.7
21.5
22.1
21.2
21.9
18.7
20.3
20.4
23.5
26.8
24.8
25.5
24.2
25.3
25.9
28.9
25.2
27
27.3
24.6
24.1
25.2
26.2
26.5
26.5
28
27.5
27.2
26.3
26.1
26.1
26.7
26.4
26.8
27.3
28.2
29.2
30.4
32.1
31.7
30.9
29.8
29.2
29.4
24.4
23.1
25.7
28.3
29.4
29.4
27
30.1
30.2
30.5
30.1
30.1
30.1
30.4
30.1
30.6
30.4
29.1
28.7
27.2
29.8
30.9
31.2
29.4
27.7
29.6
30.3
30.9
31.1
30.8
31.8
32.3
32.4
32.4
33.3
23.7
29.4
33
27.6
32.2
29.4
30.3
30.5
30.2
30.9
31.3
31.2
30.8
31.7
30.7
31.4
30.9
32.5
33.3
34.7
30.7
31.7
29.7
28.5
27.6
30.9
30.7
30.3
31.2
31.4
26.7
26.3
30.1
30.1
25.8
28
28.6
26.1
25.6
26.2
27.3
28.8
28.6
30.2
31.6
31.7
31.8
25.2
25.8
30.1
29.6
31.3
29.4
28.1
26.2
26.8
25.8
25.6
24.7
26.9
25.8
26.8
26.6
26.1
25.8
28.2
29.1
27.7
28.6
28.9
29.5
30.1
27.9
27.4
27.1
28.9
29.3
29.1
29.1
27.5
27.9
27.8
24.1
28.5
19.2
19.1
19.5
20.3
20
24.1
24.6
21.8
22.3
24.4
26
26.6
22.9
21.3
21.6
18.6
16.9
15.4
17.8
20.9
21.6
21.5
22.6
23.1
22.2
23.6
18.4
15.4
20.3
15.2
12
13.5
21.6
21.4
24.3
14.1
14.7
15
14.6
14.6
17.1
17.2
18.7
19.4
22.5
14.9
12.8
16.7
19.7
20.9
21
20.9
21.6
21.2
22.5
20.1
19.3
20.8
22.3
23.8
22.4
23.6
18.7
10.1
13.3
8.9
8.2
8.4
9.4
10.2
8.9
10.2
10
19.2
18.9
22.7
22.7
2.1
1.7
1.9
4.2
6.3
18.9
11.8
15.2
11.5
18.1
21.3
6.8
1.1
2.4
11.9
18.4
19.1
20.2
6.9
7.9
16.1
19.8
15.9
7.5
10.9
19.2
18.6
17.2
21.1
21.9
22.2
14.3
11.3
17.6
17.8
19.3
20.2
20.2
22.9
12.8
13.8
16.2
15.4
22.2
19.5
21.1
22.1
21.6
22.3
23
22.5
14.4
10.1
14.6
12.6
17.3
19.6
15.8
20.6
16.7
12.2
11.7
12.2
16.6
17.7
20.7
21.4
22.7
19.1
20.4
24.1
15
18.8
21.7
23.3
14.8
22
21.7
20.8
21.2
19.9
9.4
11.8
14.4
17.2
19.8
20.3
19.2
16.3
18.9
18.2
21.4
22.1
17.7
16.4
17.8
19.9
14
13.7
19.2
21.7
22.1
24.8
22.5
21.5
23.4
23.5
24.1
24.7
26.5
25.6
24.7
23.2
24.7
16.1
15.9
16.3
20.8
23.2
22.3
22.9
25.3
25.9
24.4
24.5
20.3
25.3
25.3
26.4
23.7
20.3
22.6
?
25.8
28.1
23.6
25.8
24.8
24.5
18.2
24.4
21.9
26.5
25.1
25.6
26
26.8
24.5
26.1
25.8
26.6
27.1
29.1
29.2
27.6
26.9
23.5
26
22.4
21.9
28.4
27.5
27.4
27.8
28.2
28.1
28
27.1
25.7
26.1
27.4
25.6
25.8
24.7
29.2
23.3
23.9
28.1
27.8
27.3
25
25.7
25.2
28.2
25.9
26.2
29.2
29.2
29.6
29.1
28.8
28.7
28.9
28.3
28.8
22.6
29.8
28.6
27.4
28.3
27.7
27.3
23.6
29.1
28.5
28.1
?
30.9
30.6
27.2
26.8
29.4
29.3
30.4
29.7
30.1
30.4
30.8
29.1
31.7
32.2
31.2
30.7
29.6
32.3
32.2
31.3
31.1
32.4
32.4
31.4
30.4
30
31.3
31.5
29.4
29.7
29.2
29.1
29.4
30.8
31.4
29.3
30.6
27.8
30
23.5
25.5
27.9
28
28.4
29.1
29.7
29.8
26.3
29.7
27.9
28.2
28
28.4
28.6
28.3
27.2
27.7
25.6
25.8
28.4
23.6
20.4
22.5
24.8
26.3
26.3
26.2
?
18.9
18.9
20.4
24.7
26
27.4
23.9
21.1
23.8
26.1
24.6
24.4
26.3
25.3
26.8
25.4
24.3
25.1
19.8
14.9
12.6
14.6
16.1
19.3
16.2
14.9
17.1
19.2
20.3
20.2
22.6
15.8
?
15.6
13.4
13.4
19.7
19.8
19.3
17.8
18.6
19.2
21.4
20.4
20.2
18.9
18.6
21.3
18.3
17.9
21.3
23.6
17.9
21.9
22.6
18.7
15
7.9
12.6
18
17.8
20.4
14
17.3
19.4
22.6
15.6
10.7
8.7
14.9
19.6
14.9
13.5
20.3
12.4
9.9
18.1
8.1
10.2
14.1
10.9
14.2
9.8
8.2
9.3
10
13.1
8.7
12.3
18.3
11.1
16.7
20.7
14.4
20.9
22.1
18.9
7.5
9.5
14.8
15.9
13.3
18.8
19.6
21.8
22.7
19.8
13.4
17.5
19.3
20.6
22.4
22.2
13
12.3
21.8
19.9
10.8
11.9
7.8
2.7
2.6
3.7
10.1
11.6
11.6
17
13.3
8.8
13.4
15.1
16.1
19
21.5
22.8
21.1
22.1
21
21.6
21.2
22.9
25.1
15.1
16.2
17.3
19.6
21.4
20.6
22.4
17
17.8
17.4
22.1
22.7
21.8
16.7
16.4
16.5
20.8
22.2
23.2
23.6
23.3
13.1
13.8
16.8
16.2
18.8
21.3
12.7
21.8
14.4
17.6
19.9
20.7
21
22.8
22.8
25.4
?
23.3
25.2
22.4
19.8
23.5
19
15
14.1
19.2
21.4
23.2
15.7
16.1
21.3
21.2
18.4
14.6
19.1
21.7
24
24.9
23.7
24.2
24.8
22.9
21.7
25.3
24
23.8
24.3
24.3
26.3
23.2
23.8
23.8
20
22.5
19.5
24.4
25.1
25.2
25.3
26.2
26.3
26.6
27.1
25
24.7
25
26.1
26.1
27.4
21.3
24.5
25.7
27
27.7
28.1
27.9
28.4
28.7
28.5
29.2
26.1
27.4
27.6
28.3
28.6
28.6
25.9
26.1
26.3
26.5
23.3
27.7
27.3
27.7
27.7
27.8
27.9
28.7
25.7
27.9
28.3
28.7
29.4
29.1
29.4
28.8
29.2
26.8
30.1
28.8
30.7
30.2
29.8
29.5
29.3
28.8
29.8
29.7
31.3
31.9
30.3
30.1
31.2
32.3
31.8
34.3
34.3
32.6
31.3
32.2
33.6
33.2
32
31.2
24.1
30.9
29.4
29.4
30.1
29.8
30
29.5
23.5
29
24.5
29.2
28.4
29.7
29.9
29.7
28.4
29.6
31.6
28.3
32.9
30.3
29.8
30.2
31.7
31.9
31
30.3
30.6
30.4
29.3
28.1
25.3
29.9
30.2
29.9
30.3
30.9
33.7
35.3
29.4
32.9
35.7
35.7
36.1
31.2
27.3
26.1
27.3
28.1
28.8
28.3
25.3
25.1
29.9
24.8
23.8
25.4
27.2
27.3
24.4
29.1
28.7
29.5
17.8
19
21.5
22.4
22.8
23.4
24.4
26.6
25.6
25.6
28.3
20.8
10.7
8.4
10.6
15.3
18.2
19.2
20.5
22.3
23.6
24.1
23
19.8
20.5
22.2
23.1
24.1
23.8
22.5
22.4
23.3
23.4
23.7
23.7
23.8
23.8
24.1
23
23.4
22.5
24.1
18.1
16.7
8.7
9.6
12.6
15.2
20.8
9.4
8.6
15.8
17.1
8.7
6.1
8.4
10
8.9
14.2
20.6
12.7
12.5
10.8
17.1
20.7
16.1
14.7
16.2
6.9
6.4
8.3
10.2
10.7
9.1
13.7
14.6
19.5
9.1
2.4
7.4
8.1
12.9
11.7
6.7
11.3
5.5
16.7
8.8
9.2
11.3
8.9
12.4
6.9
2.4
7.8
7.2
5.7
3.2
1.4
1.2
3
11.4
13.4
16.5
12.9
8.7
10.2
8.3
8.6
7.1
12.4
16.6
13.8
10.2
6.7
5.6
7.3
6.3
6.7
8.8
10.6
13.3
13
19.6
18.3
19.6
14.7
18.7
13.4
11.5
9.9
10
16.4
13.7
19
19.4
21.1
10.8
8.6
7.9
17.9
22.1
21.8
21.1
10.6
9.7
11.5
16.4
20.8
21.3
17.3
19.2
23.2
22.7
20.2
23.7
14.6
9.2
12.2
11.4
16.2
15.9
14.7
15.8
17.6
14.8
15.6
19.3
21.1
20.8
13.2
16.1
16.2
13.9
13.2
12.2
15.4
17.5
18.3
19.6
18.8
15.8
14.5
8.4
15
14.1
15.7
20.7
19
23.2
24.3
23.1
24.3
23.9
23.6
24.4
24.9
24.7
19.4
24.8
25.1
24.7
27.1
19.8
13.2
15.9
21.4
22.4
24.1
23.4
24.9
17.4
20.7
20.7
21.8
21.1
21.8
22.4
22.9
23.5
23.8
23.9
22.5
24.7
22.8
24.1
23.6
23.3
23.8
24.7
25
26.1
25.3
25.9
25.6
26.1
26.9
27.2
20.8
23.6
27.4
28.2
26.7
21.7
27.1
28.2
26.7
27.8
25.2
28.2
29.5
28.1
28
22.1
27.6
24.2
23.3
23.7
27.5
29.7
28.5
28.4
29.1
27.5
29.6
28.4
28.6
28.3
27.8
28.1
29.1
27.8
27.8
27.9
24.3
28.7
22.6
25
26.9
24.4
23.1
28.1
27.9
30.2
30.3
28.7
29.6
30.8
30.4
30.7
31.5
31.2
30.7
29.4
29.7
29.3
28.7
28.8
29.3
31.1
32
29.9
29.9
29.5
27.4
26.8
28.2
29.6
29.6
29.8
29.8
27.1
30.1
31.1
31.2
25.2
28.4
28.8
28.7
29.8
30.2
31
28.1
27.1
30.1
29.6
29.8
30.7
28.2
29.9
29.1
?
29.8
29.2
28.7
26.2
23.4
24
23.2
24.1
24.2
25.8
26.3
28.6
?
26.6
28.1
28.6
28.9
23.7
?
?
27.7
29.3
28.2
27
25.7
26.2
28.1
29.1
24.4
22.2
25.8
23.9
20.4
19.2
18.2
18.7
20.4
21.3
20.4
20.1
21.1
22.6
23.1
21.5
15.7
17.9
21.6
24.3
26.2
21
25.6
14.9
19.8
21.6
13.8
13.8
17.7
20.1
20.3
22.1
24.4
25.1
26.9
19.6
16.8
17.9
13.6
16.2
16.9
21.1
22.8
21.2
23.4
21.7
17
18.9
19
22
19.8
17.8
21.2
19.6
19.2
20.3
21.1
19.4
18.3
19.5
14.2
11.4
14.7
18.1
23.8
14.9
17.8
24.7
10.9
4.3
4.9
12.6
16.1
13.2
19.4
20
21.6
20.8
22
10.2
10.9
10.3
14.7
21.7
10.4
13.1
20.7
23.4
13.9
14.2
11.8
11
15.3
19.4
11.5
7.3
5.7
7.6
14.1
15.3
12.8
8.7
6.5
6
3.9
2.2
8.4
10.7
11.6
8
14.4
18.8
20.9
14.5
14.3
15
14.1
10.7
17.4
19.8
14.6
9.3
10.4
16.4
22.7
22.9
11.4
11.9
12.7
16.8
21.4
21.7
23.1
10.7
5.8
12.1
14.2
10.1
5.3
6.1
10.1
10.5
19.9
7.9
9.3
13.2
15.4
12.6
17.7
13.2
14.4
17.8
18.6
17.4
13.3
14.4
14.9
18.4
20.5
4.4
6.6
9.9
14.7
1.2
3.9
8.7
12.1
19.4
17.9
22.4
14.4
12.5
20.9
17.8
16.4
22.4
23.8
20.1
24.4
22.5
23.7
15.6
19.2
13.8
16.1
21.2
13.9
15.5
17.1
23.7
23.7
20.2
19.4
18.7
21.8
16.8
16.5
17.9
17.2
22.6
18.4
22.2
22.6
22.4
22.3
22.7
22.5
23.9
24.4
24.4
24.2
24.2
24.6
25.7
25.8
24.8
25.5
21.9
24.9
26.9
27.9
26.5
26.1
26.4
28.7
28.4
26.6
26.7
26.9
27
27.2
26.9
26.6
26.8
27.6
22.3
22.3
24.6
26.7
20.3
20.3
21.1
20.3
21.7
23.2
23.3
24.4
26.3
26
25.7
24.7
24.4
21.9
23.1
26.6
26.3
27
27.4
27.9
26.4
26.9
28.3
28.3
28.4
27.9
28.1
28.9
31.5
29.6
27.9
27.3
28.8
27.6
27.4
28.5
28.9
28.7
25.8
26.3
26.6
26.3
25.2
24.2
27.2
?
?
?
?
?
?
?
?
?
?
?
?
?
?
?
?
?
?
?
?
?
?
?
?
?
?
?
?
?
?
?
?
?
?
?
?
?
?
?
?
?
?
?
?
?
?
?
?
?
?
?
?
?
?
?
?
?
?
?
?
?
?
?
?
?
?
?
?
?
?
?
?
?
?
?
?
?
?
?
?
?
?
?
?
?
?
?
?
?
?
?
?
?
?
?
?
?
?
?
?
?
?
?
?
?
?
?
?
?
?
?
?
?
?
?
?
?
?
?
?
?
?
?
?
?
?
?
?
?
?
?
?
?
?
?
?
?
?
?
?
?
?
?
?
?
?
?
?
?
?
?
?
?
?
?
?
?
?
?
?
?
?
?
?
?
?
?
?
?
?
?
?
?
?
?
17.8
8.7
10.6
15.2
16.3
14.8
10.9
16.7
20.7
10.6
6
2.8
8.5
7.7
9.4
7.7
4.7
7.3
14.8
19.9
21
10.2
4.2
3.7
7.9
6.7
10.6
18.7
14.4
10.9
14.1
14.1
19.7
17.1
12.7
9.9
8.5
4.9
6.5
8.4
12.9
14.8
18.6
17.6
20.5
14.8
4.6
13.1
16.9
17.5
15.8
14.4
15.4
19.6
9.8
5.2
5.7
8.6
9.6
13.8
15.7
9.2
12.8
8.3
12.8
19.3
19.4
21.4
18.8
18.9
21.6
18.2
21.7
20.1
18.8
20.7
14.2
22.1
17.1
17.2
14.8
18.1
19.3
22.1
16.9
19.8
13
11.9
12.7
18.1
18.5
19.7
21.3
22.7
22.7
23.3
20.3
14.4
14.9
18
19.9
21.5
21.2
21
21.1
22.4
25.3
23.1
23.2
20.8
23.9
20.2
23.3
24.4
24.1
25.2
22.6
22.7
23.1
23.7
26
26.2
25.3
26.2
27.1
26.4
27.2
26.3
26.4
27.7
25.1
22.4
26.5
26.6
27
27.8
27.1
27.8
28.4
27.3
24.5
26.7
28.2
26.8
28.3
25.7
26.2
26.7
29
29.7
29.9
28.7
22.4
29.7
26
24.1
27.2
29
29.6
29.3
28.8
29.5
29.4
21.2
25.8
26.4
22.7
26.1
28.4
28.3
29.5
30.9
30.2
29.2
28.9
29.6
27.5
28.9
29.1
25.6
29.2
26.4
28.4
27.3
25
28.2
28.5
24.4
28
24.4
28.3
26.8
29.6
29.4
29
27.1
27.8
29.8
29.2
29.7
30.4
30.4
30.5
27.9
24.7
28.9
27.7
28.4
28.6
?
29.7
29.6
29.4
30.8
30.7
30.1
30.9
32.5
34.9
25.1
24.7
28.1
23.6
24.1
26.6
28.3
30.6
26.9
29.6
27.9
28.6
28.6
25.7
28.1
29.1
26.8
29.7
28.8
28.8
29
28.6
26.6
25.8
25.3
25.3
26.5
23.9
26.6
25.1
24.9
24.8
27.1
25.1
23.2
24.2
26.9
23.8
25.8
25.6
25.8
25.7
26.8
23
21.9
24.1
25.1
25.6
25.4
24.3
24.6
21.4
20.2
20.8
22.2
19.4
20.9
22.8
25.6
24.5
24.9
25
23.8
23.8
25.1
24.7
24.7
21.2
19.4
23.9
23.2
18.8
19.2
21.1
21.3
23.1
25.3
23.7
19.9
12.8
12.8
18.1
21.4
24.9
23.5
22.8
22.8
22.4
?
23.3
17.7
14.8
15.8
17.2
22.9
23.9
23.4
17.7
18.8
21.8
20.6
?
13.6
17.9
21.3
23.8
10.3
5.8
16.3
22.6
14.9
10.2
10.4
16.8
17.2
14.2
16.7
13.4
9.3
7
12.1
19.9
14.4
7.2
10.2
14.6
?
10.4
19.3
10.2
11.6
13.5
10.5
10.3
17.8
20.7
11.7
10.8
12.3
15.4
18.3
10.7
7.9
9.6
16.8
20.8
21.4
21
21.3
7.8
6.6
5.8
16.8
11.8
10.2
9.6
14.8
15.7
18.3
17.6
18.6
18.1
7.3
7.9
8.4
11.1
13.6
15.7
20.6
19.2
14.3
7.2
8.9
14.1
9.9
10.8
14.1
11.1
10.5
13.5
10.6
9.4
9.6
11.2
17.6
10
12.1
7.2
4.7
3.8
11.5
12.4
15.7
13.1
17.6
20.1
16.8
13.9
16.8
15.6
7.4
12.5
11.2
14.3
14.9
17.7
20.2
20.1
22.4
19.3
19.4
23.7
17.9
21.1
14.3
17.5
17.4
18.1
17.9
20.8
22.4
21.1
22.1
20.8
22.4
19.5
16.2
18.7
19.7
21.3
20.3
21.7
22.7
18.9
22.7
22.1
23.4
21.4
21.1
21.6
20
16.9
25.1
22.1
23.6
17.3
12.8
11.4
15.8
18.1
19.7
21.3
21.4
22.1
22.3
22.7
22.9
24.6
23.6
20.7
19.7
22.3
21.8
21.2
24.1
24.4
15.1
18.3
22.3
23.2
22.5
22.2
23.1
23.3
23.2
23
19.6
25.3
19.8
22.4
24.2
23.9
25.2
25.4
25.9
25.3
25.6
25.3
25.8
26
26.3
26.3
26.8
27.5
28
28.7
29.5
28.8
28.7
26.3
22.4
25.4
27.8
26.3
27.1
27.4
27.9
28.3
28.9
22.8
26
23.5
24.7
28.7
28.9
30.4
26.9
28.9
24.3
24.5
25.1
23.6
25.3
26.1
25.1
26.2
25
26.4
29.8
29.9
29.2
29.3
26.3
29.7
28.6
27
26.7
26.1
29.7
30.9
31.7
30.6
30.2
31.5
29.8
29.2
28.7
28.4
27.8
28.6
31.3
24.7
27.1
29.2
28.7
27.5
29.4
31.6
26.3
31.9
32.1
31.2
31.9
28.9
27.6
29.2
29.9
28.1
29.8
26.5
26.2
25.8
26.5
27.1
27.6
27.8
29.3
30.4
24.4
25.1
29.1
29.7
30.2
30.1
29.4
24.4
28.3
29.3
27.4
27.4
22.6
25.1
26.4
28.5
27.3
25.1
26.1
27.4
28.9
29
28.7
27.6
26.1
29.2
30.8
30.7
29.4
27.9
26.7
25.8
26.2
26.3
23.1
26.3
26.2
26.4
27.3
26.7
25.8
27.3
26.4
25.4
22.1
24.6
24
25.6
24.4
21.7
20.2
22.3
20.8
20.7
14.4
21.8
25.1
26.9
27.7
28
28.2
27.7
26.7
25.2
26.5
25.5
26.4
26.1
25.8
25.9
25.6
25.4
20.7
18.1
12.7
13.4
14.7
15.7
18.9
19.5
17.2
22.5
14.2
10.9
12.2
14.2
20.3
20.9
23.3
18.6
20.1
20.2
21.7
20.9
24.6
10.3
10.9
20.8
12.8
16.3
23.9
7
9.7
11.9
12.3
14.4
22.9
24.1
14.2
19.8
19.7
14.9
12.1
20.7
11.6
5.8
8.3
10
12.9
11.7
8.9
16.6
17.8
4.2
2.4
0.1
3.1
8.1
9.9
15.1
18.1
20.4
20.2
